$ 1 0.000005 10.20027730826997 50 5 43 5e-11
R -208 96 -256 96 0 2 110 5 0 0 0.5
w -208 96 -192 96 0
r 80 112 128 112 0 100000
g 32 192 -16 224 0 0
174 32 256 80 208 1 10000 0.5 pot
R 32 256 0 288 0 0 40 -10 0 0 0.5
r 96 224 144 224 0 100000
w 80 224 96 224 0
a 192 240 304 240 8 3 0 1000000 3.6584783173249316e-7 0 100000
w 128 112 160 112 0
w 160 112 160 224 0
w 160 224 144 224 0
w 160 224 192 224 0
w 192 224 192 176 0
r 224 176 272 176 0 30000
w 192 176 224 176 0
w 272 176 304 176 0
w 304 176 304 240 0
w 304 240 384 240 0
g 192 256 192 272 0 0
c 400 256 400 288 0 1e-8 1.4634152168267507 0.001
w 384 240 400 240 0
w 400 240 400 256 0
g 400 288 400 304 0 0
w 400 240 432 240 0
368 432 240 464 192 0 0
w 64 112 80 112 0
c 272 128 240 128 0 2e-9 1.4634148509789189 0.001
w 240 128 192 128 0
w 192 128 192 176 0
w 272 128 304 128 0
w 304 128 304 176 0
a -64 112 48 112 8 10 -10 1000000 2.5 2.5 100000
r -160 96 -112 96 0 100000
w -192 96 -160 96 0
w -112 96 -64 96 0
w -192 96 -192 128 0
368 48 112 80 48 0 0
174 -192 192 -144 144 1 100000 0.5 attenuverter
w -128 160 -128 128 0
w -128 128 -64 128 0
g -192 192 -192 208 0 0
w -128 160 -144 160 0
w -64 96 -64 48 0
w 48 112 48 48 0
r -32 48 16 48 0 100000
w -64 48 -32 48 0
w 16 48 48 48 0
w 48 112 64 112 0
o 24 8 0 xaf31a 5 0.1 0 4 1 0 24 3 0.025 0 24 3 0.025 0 17 3 0.025 0
