$ 1 0.000005 9.001713130052181 50 5 43 5e-11
a 64 304 192 304 8 15 -15 1000000 0.000049997583450133234 0 100000
r -96 288 -48 288 0 30000
w -128 288 -96 288 0
w 224 304 192 304 0
368 224 304 256 256 0 0
g 64 320 64 352 0 0
w 64 288 64 208 0
r 80 208 128 208 0 100000
w 64 208 80 208 0
w 128 208 192 208 0
w 192 208 192 304 0
R -112 224 -160 224 0 0 40 -10 0 0 0.5
r -96 224 -48 224 0 200000
w -112 224 -96 224 0
w 48 224 -48 224 0
w -48 288 48 288 0
R -128 288 -192 288 0 2 40 1.5 1.5 0 0.5
c 80 176 128 176 0 1e-10 4.999808342596774 0.001
w 64 208 64 176 0
w 64 176 80 176 0
w 128 176 192 176 0
w 192 176 192 208 0
w 48 224 48 288 0
w 48 288 64 288 0
o 4 8 0 xbf31a 5 0.1 0 2 2 0 4 3 0.025 0
