$ 1 0.000005 18.278915558614752 50 5 43 5e-11
a 256 176 416 176 8 15 -15 1000000 0.000049442568738573386 0 100000
g 256 192 256 208 0 0
209 128 160 176 160 0 0.000009999999999999999 -0.025479865319050443 1 1
r 192 160 192 224 0 47000
r 208 160 256 160 0 5600
w 208 160 192 160 0
w 192 160 176 160 0
g 192 224 192 240 0 0
r 304 80 368 80 0 27000
w 368 80 416 80 0
w 416 80 416 176 0
w 304 80 256 80 0
w 256 80 256 160 0
r 432 176 480 176 0 1000
w 416 176 432 176 0
w 256 80 256 48 0
w 416 80 416 48 0
w 416 48 368 48 0
w 256 48 304 48 0
c 304 48 368 48 0 1e-10 4.944306316426077 0.001
368 480 176 512 144 0 0
368 128 160 96 112 0 0
368 416 80 464 48 0 0
R 128 160 32 160 0 2 110 1 0 0 0.5
o 20 8 3 xbf31a 5 0.1 0 6 0.025 0 23 0 2 0 23 3 0.025 0 13 3 0.025 0 20 0 2 0 20 3 0.025 0
