$ 1 0.000005 14.235633750745258 50 5 43 5e-11
R 96 176 0 176 0 2 110 5 0 0 0.5
368 96 176 80 112 0 0
r 112 176 160 176 0 47000
w 96 176 112 176 0
a 176 192 288 192 8 15 -15 1000000 -0.000010638168856250043 0 100000
w 160 208 176 208 0
w 176 112 176 176 0
w 304 112 304 192 0
w 304 192 288 192 0
w 176 112 176 80 0
w 176 80 192 80 0
w 304 112 304 80 0
w 304 80 256 80 0
c 192 80 256 80 0 2.2e-10 -1.0638275237938606 0.001
209 368 192 320 192 0 0.0000047 1.890820833239104e-11 1 1
w 304 192 320 192 0
368 368 192 400 128 0 0
w 160 176 176 176 0
g 160 208 160 224 0 0
w 288 112 304 112 0
r 208 112 272 112 0 10000
w 272 112 288 112 0
w 208 112 176 112 0
o 0 8 3 xbf31a 5 0.1 0 3 0.025 0 16 0 2 0 16 3 0.025 0
